,,Euclidean Distance,DTW - Between,DTW - Within,KLD,Mutual Information Score,Earth Mover's Distance,Cosine Similarity
0,0,0.0,0.0,0.0,0.0,0.0,7.905578,0.0
1,0,4.2306128,10.318907,8.690441,0.22978884,1.8155589,8.41014,2.7341483
2,0,11.703594,10.327683,9.751764,0.328953,1.9002029,8.482203,6.0857506
3,0,3.6937218,11.15869,10.816294,0.37238955,1.8048764,8.592714,3.4684358
4,0,1.3366069,11.176023,11.649217,0.18909581,1.831725,8.216203,2.7836902
5,0,0.44195768,11.028304,6.7908163,0.12881595,1.8082528,8.122003,2.0750005
6,0,3.4618173,11.073242,9.841477,0.35868362,1.8814044,8.204755,3.2359455
7,0,2.590153,10.734716,15.405171,0.27741718,1.8439144,7.4780936,8.566548
8,0,9.9753475,10.789994,15.517124,0.25976467,1.9493399,8.421226,8.88872
9,0,2.4672601,11.302562,14.907152,0.29118243,0.0078036864,8.466468,5.2001343
10,0,3.8857603,11.069532,9.011678,0.22995955,0.002770709,7.895062,4.886884
11,0,4.860794,10.842575,14.262486,0.2306897,0.0017225052,8.247814,5.8405895
12,0,0.34711552,10.892524,14.578837,0.35902497,1.843225,7.7861485,2.4040508
13,0,1.8302845,10.914284,14.714321,0.35669175,1.8792832,8.154676,4.977574
14,0,6.6495137,11.220174,9.107762,0.40597925,0.047302973,8.778148,7.078504
0,1,3.8825128,10.318907,8.0892,0.24721907,1.7816231,8.41014,2.491499
1,1,0.0,0.0,0.0,0.0,0.0,8.723322,0.0
2,1,7.0904746,9.552006,11.65524,0.25240543,0.74625665,8.933674,7.8307543
3,1,1.9108517,10.8397455,11.482363,0.23150788,1.7690575,8.8485985,6.2651324
4,1,0.6089414,10.779246,10.765597,0.35235578,1.7966858,8.659222,3.208288
5,1,1.8560156,10.614814,9.501817,0.43821174,1.7831497,8.552351,1.4011072
6,1,2.9687831,10.716968,11.582651,0.24023496,1.8231499,8.605248,5.895465
7,1,3.6036026,10.111654,19.525856,0.35676172,1.7952857,8.173713,8.189973
8,1,11.529963,10.229279,14.803879,0.3209284,0.80530345,8.822952,10.353952
9,1,2.3918388,11.058279,19.04756,0.38009486,1.7695506,8.7883835,5.1164765
10,1,2.513898,10.70708,11.505355,0.070690654,1.7696903,8.42789,5.8775277
11,1,6.6170917,10.342298,18.410868,0.33179703,1.7744781,8.681038,11.671998
12,1,2.7020044,10.402781,14.522896,0.41747698,0.7396772,8.350011,3.6209033
13,1,5.0966744,10.477276,14.539877,0.3515192,1.8210287,8.575679,5.5409565
14,1,4.9931574,10.8666935,8.365682,0.21623209,1.827016,9.0287485,9.433038
0,2,3.71517,10.327683,11.941684,0.22602838,1.8630246,8.482202,1.6331819
1,2,5.5464516,9.552006,11.508597,0.2550693,0.049619917,8.933674,3.8255274
2,2,0.0,0.0,0.0,0.0,0.0,9.009171,0.0
3,2,3.2096694,10.866201,19.402971,0.3175932,1.8397431,9.096237,4.496565
4,2,1.9721059,10.797805,13.427629,0.22654216,1.8681513,8.781762,2.162991
5,2,1.6560509,10.632512,9.714593,0.3253789,1.8645512,8.675619,2.2297044
6,2,4.857644,10.740161,11.318457,0.2734047,1.8713999,8.734209,7.037707
7,2,3.7827067,10.109766,23.876616,0.2281868,1.8531615,8.118598,6.5249686
8,2,14.873719,10.23344,18.312262,0.22679232,0.069135,8.961831,9.000143
9,2,2.906565,11.091399,23.089375,0.3447263,1.8325381,8.9841175,4.3848295
10,2,3.567067,10.729674,12.976275,0.2274534,1.8403758,8.467207,3.4744217
11,2,9.174487,10.352297,19.424278,0.05370109,1.8474909,8.794489,6.654243
12,2,2.996983,10.413554,23.679317,0.3659122,0.044042066,8.377617,2.8360932
13,2,6.09466,10.493257,22.822378,0.34715247,1.8692787,8.693668,4.0911784
14,2,9.880824,10.88936,22.772572,0.36022434,1.8992752,9.2825165,10.950005
0,3,4.190503,11.15869,15.1743765,0.3233437,1.8093153,8.592715,3.6276853
1,3,4.0716534,10.8397455,7.8897943,0.23670992,1.806002,8.848598,4.382349
2,3,6.3698225,10.866201,14.762519,0.2923602,1.8654394,9.096237,8.845851
3,3,0.0,0.0,0.0,0.0,0.0,8.96098,0.0
4,3,0.8677215,11.406786,18.878082,0.4410577,1.8293461,8.822223,1.7719861
5,3,3.5861309,11.2718525,15.807223,0.4027315,0.0025872365,8.713776,1.3076514
6,3,2.4921422,11.267279,18.849482,0.36161205,0.054428287,8.760218,6.4864182
7,3,2.7504668,11.153453,15.183532,0.2286785,0.025619598,8.409375,6.4351115
8,3,10.245827,11.156946,10.848559,0.28391156,1.9198434,8.970784,10.790766
9,3,2.3364782,11.399813,13.196879,0.26203585,1.8064498,8.91656,3.866538
10,3,1.0744526,11.268953,10.053705,0.2992926,1.8027405,8.618311,8.848037
11,3,5.6517105,11.158725,11.988248,0.31236064,1.8063645,8.840269,8.621943
12,3,1.893837,11.200288,15.061669,0.35501945,1.8340514,8.546956,5.778924
13,3,4.009069,11.176839,14.856521,0.23643555,0.05442829,8.73547,6.4611363
14,3,4.11558,11.413494,13.630329,0.20407291,1.8592794,9.136357,12.934836
0,4,2.4735162,11.176023,16.60751,0.16053683,2.520168,8.216202,4.946457
1,4,4.965938,10.779246,7.1491647,0.18423733,2.5158474,8.659222,4.921693
2,4,5.2233515,10.797805,8.110159,0.21552794,2.5779645,8.781762,5.9777365
3,4,2.2964523,11.406786,17.338865,0.30541852,2.5114253,8.822223,4.3390856
4,4,0.0,0.0,0.0,0.0,0.0,8.503835,0.0
5,4,1.9594116,11.32336,5.486428,0.17503048,2.5223308,8.408536,3.6425061
6,4,2.6333306,11.340204,9.059653,0.2805668,1.8297614,8.481645,9.033637
7,4,4.283324,11.131572,19.89324,0.22043784,1.8126715,7.855493,7.633176
8,4,12.4896145,11.15713,14.924652,0.10955427,1.8732375,8.695608,10.216344
9,4,2.6514072,11.512822,16.56953,0.177381,2.517314,8.717103,2.8567047
10,4,4.2056093,11.339531,13.718065,0.15819173,2.5123217,8.222323,4.774965
11,4,8.917085,11.180641,15.069951,0.10569627,2.5173302,8.535309,9.296757
12,4,1.2134144,11.2252035,11.74261,0.18503353,1.8119822,8.120103,2.5695841
13,4,2.9631646,11.221515,13.460092,0.27891314,1.8276402,8.439855,4.15878
14,4,6.079412,11.484709,15.093651,0.30527943,1.8209913,9.004235,7.1049914
0,5,1.4250028,11.028304,11.357267,0.14146987,1.8067281,8.122003,2.9916325
1,5,4.2188725,10.614814,8.863208,0.29498902,1.8155608,8.552351,6.8339643
2,5,8.004739,10.632512,6.9197216,0.35661912,1.9002048,8.67562,5.7918253
3,5,2.0750475,11.2718525,16.939798,0.4035765,0.0027707089,8.713776,4.5127163
4,5,0.79385227,11.32336,6.938422,0.20210898,1.8317269,8.408536,2.7481794
5,5,0.0,0.0,0.0,0.0,0.0,8.310662,0.0
6,5,2.773612,11.202557,6.919759,0.436811,0.06841677,8.381984,8.435175
7,5,3.743682,10.977666,19.821085,0.2817431,0.034795206,7.7713227,9.250948
8,5,12.632634,11.006717,15.14132,0.20045237,1.9493418,8.5949545,12.767288
9,5,2.450978,11.383063,15.070234,0.2363374,1.8130695,8.610518,6.006898
10,5,2.5496848,11.201543,16.624996,0.22047898,1.8055111,8.124434,3.0062711
11,5,7.135944,11.033636,18.682564,0.21694861,1.8079715,8.434671,7.424188
12,5,1.3656876,11.079227,14.797929,0.38505575,1.8432269,8.028959,1.5115488
13,5,3.9795024,11.078289,11.83122,0.43283555,0.068416774,8.339295,3.8188982
14,5,5.418983,11.348702,12.5627575,0.48210356,1.8612633,8.897502,5.085223
0,6,1.4226824,11.073242,12.16673,0.3163457,3.2784255,8.204756,0.5862459
1,6,2.5274107,10.716968,11.46124,0.27100697,3.2536638,8.605248,1.6295092
2,6,10.481885,10.740161,11.1545315,0.2523967,3.27813,8.73421,7.0747337
3,6,2.556821,11.267279,11.941834,0.28228846,1.4574679,8.760218,1.9269253
4,6,0.7254685,11.340204,11.031712,0.44513124,1.8238837,8.481646,3.09205
5,6,1.1582344,11.202557,7.4487267,0.47544688,1.4729705,8.381984,2.177249
6,6,0.0,0.0,0.0,0.0,0.0,8.443507,0.0
7,6,2.894452,11.050536,19.717472,0.3636441,0.0100663975,7.8799143,6.024464
8,6,9.20599,11.063859,19.78544,0.42980823,1.8226994,8.657266,6.69544
9,6,1.9934126,11.358986,10.407111,0.49988994,3.2608514,8.664065,3.2924557
10,6,2.1664817,11.208132,16.835691,0.42456374,3.2607346,8.202217,5.6632934
11,6,8.786578,11.075315,9.780956,0.42058328,3.2689893,8.501722,6.3871903
12,6,1.034169,11.118561,9.461268,0.5173382,1.8184971,8.114144,3.4946632
13,6,2.9813175,11.103712,9.531531,0.32216445,1.5105183e-14,8.406719,5.28401
14,6,6.0551453,11.354127,19.22288,0.2978512,1.8227941,8.940378,7.628047
0,7,3.061521,10.734716,10.975342,0.15636055,2.5283809,7.4780936,0.7329082
1,7,5.2316613,10.111654,1.2953533,0.19810013,2.511914,8.173714,4.243967
2,7,5.2577515,10.109766,11.314607,0.121095434,2.5488245,8.118598,4.375858
3,7,3.907969,11.153453,0.55482507,0.16836834,0.71217203,8.409374,3.3539069
4,7,0.77751464,11.131572,11.128653,0.21761848,1.8101315,7.855493,0.7380258
5,7,3.0234125,10.977666,11.128653,0.15498479,0.72228855,7.7713223,0.7714681
6,7,4.4728928,11.050536,11.116582,0.20521006,0.008408566,7.8799143,3.493305
7,7,0.0,0.0,0.0,0.0,0.0,6.8617206,0.0
8,7,10.698367,10.669855,11.303625,0.1219929,1.8493646,8.098728,7.430089
9,7,4.1794095,11.332826,0.39368725,0.16796017,2.5163195,8.221549,2.0039012
10,7,3.7344918,11.043789,0.5416329,0.116415985,2.5151763,7.4482036,3.107398
11,7,6.453052,10.751562,0.36866075,0.13394797,2.5213485,7.897184,3.014469
12,7,0.4132999,10.805969,0.36866075,0.12352203,1.8084319,7.2974706,0.98168117
13,7,5.437543,10.853632,11.116582,0.16666047,0.008408568,7.8138843,3.1409717
14,7,7.144169,11.196753,10.986137,0.22864257,1.8246328,8.60142,6.1775117
0,8,3.4682336,10.789994,22.602528,0.28354514,4.059851,8.421226,3.7820446
1,8,9.871208,10.229279,20.096613,0.21562244,2.2458508,8.822952,3.289201
2,8,13.706345,10.23344,8.381231,0.2260671,2.209311,8.961831,4.9268827
3,8,5.2171144,11.156946,6.847955,0.33380476,4.0330353,8.970784,4.0089865
4,8,2.4992168,11.15713,21.078125,0.14361238,1.8660363,8.695608,2.079437
5,8,3.594322,11.006717,21.377096,0.16511,4.063286,8.5949545,4.0241117
6,8,2.4822736,11.063859,22.703316,0.3551871,1.8260145,8.657265,3.0390332
7,8,5.2662363,10.669855,23.720442,0.23666798,1.8535751,8.098728,8.730933
8,8,0.0,0.0,0.0,0.0,0.0,8.873397,0.0
9,8,5.7968802,11.316363,19.888302,0.2025394,4.03124,8.875093,2.7834604
10,8,3.2433484,11.058821,23.6147,0.18634665,4.034459,8.4217415,5.0939355
11,8,3.587505,10.803387,22.602528,0.16073383,4.045495,8.717183,7.501301
12,8,0.9975229,10.855275,21.895752,0.3181151,0.0444527,8.329591,3.3072643
13,8,4.2100735,10.888331,17.158812,0.32859913,1.8238933,8.616957,4.382528
14,8,9.756172,11.210471,14.212987,0.3970294,1.8495939,9.153258,6.9311047
0,9,1.4419508,11.302562,13.80524,0.30379492,0.0069274358,8.466467,4.3131604
1,9,4.5696006,11.058279,8.77921,0.2676161,1.8030537,8.7883835,5.0179768
2,9,6.21055,11.091399,12.362997,0.31906927,1.8473673,8.9841175,7.678883
3,9,2.3822818,11.399813,5.9099097,0.27249402,1.8032323,8.91656,4.407816
4,9,1.6954589,11.512822,15.157139,0.3348755,1.8307046,8.717103,1.6697601
5,9,0.97266257,11.383063,8.502408,0.32895923,1.8151813,8.610518,3.8990204
6,9,3.0744233,11.358986,10.229665,0.39135328,1.8618118,8.664065,4.728004
7,9,3.699561,11.332826,10.486846,0.24513514,1.8320224,8.221549,7.4589186
8,9,7.853979,11.316363,15.712884,0.2741772,1.9049315,8.875093,8.278767
9,9,0.0,0.0,0.0,0.0,0.0,8.844969,0.0
10,9,2.7318256,11.362786,10.208516,0.31257507,0.0011254323,8.477569,6.876523
11,9,3.893368,11.298437,5.2233663,0.25987828,0.0019391397,8.732449,2.5677226
12,9,0.85634905,11.336694,5.2233663,0.28004542,1.8313329,8.399702,3.446339
13,9,3.0339115,11.2956085,5.1383376,0.25538978,1.8596905,8.630999,8.347978
14,9,6.787371,11.504752,10.128233,0.2578022,0.04691656,9.095907,12.819144
0,10,1.9165388,11.069532,14.930726,0.23431665,0.0025872365,7.895062,4.931437
1,10,5.6043224,10.70708,9.171532,0.07043361,1.8060006,8.42789,5.8555007
2,10,5.5990267,10.729674,12.007044,0.22794925,1.865438,8.467206,7.098983
3,10,1.7322438,11.268953,7.653518,0.2855676,1.8021063,8.618312,6.019073
4,10,1.3328925,11.339531,11.958657,0.32544884,1.8293446,8.222323,2.1280339
5,10,1.3113464,11.201543,13.713252,0.36157972,1.8108405,8.124434,2.435083
6,10,2.2257493,11.208132,16.442198,0.28879383,1.8674165,8.202217,7.761785
7,10,3.483673,11.043789,15.225382,0.27100134,1.8347393,7.4482036,5.505433
8,10,11.347038,11.058821,17.272707,0.26961744,1.919842,8.4217415,9.937245
9,10,2.0191627,11.362786,13.877228,0.3607118,0.0011839714,8.477569,3.2562382
10,10,0.0,0.0,0.0,0.0,0.0,7.8792763,0.0
11,10,8.041581,11.07196,13.898676,0.27370396,0.000115490664,8.243225,10.2189045
12,10,1.2635744,11.115457,12.054624,0.3250262,1.8340499,7.768006,0.5684266
13,10,4.1104755,11.102127,10.48307,0.3860714,1.8652952,8.150961,2.5125916
14,10,6.246521,11.354699,15.146348,0.2758443,0.045319054,8.810106,5.0254693
0,11,3.168571,10.842575,10.740572,0.23482096,0.0016328956,8.247814,2.7948177
1,11,7.3279476,10.342298,9.362412,0.27583763,1.8074765,8.681038,5.8048854
2,11,7.9503427,10.352297,10.813958,0.056055393,1.8719553,8.794489,4.6745434
3,11,4.710585,11.158725,6.8465886,0.37574998,1.8022245,8.840269,4.2956915
4,11,1.2054774,11.180641,11.787032,0.14773402,1.8293849,8.535308,1.9630874
5,11,3.166046,11.033636,12.742759,0.28938884,1.8098872,8.43467,2.8585742
6,11,5.207112,11.075315,10.207348,0.36704528,1.8697783,8.501722,3.7762172
7,11,5.758638,10.751562,10.476913,0.25381255,1.8361386,7.8971834,6.0117884
8,11,6.2752986,10.803387,15.661962,0.18449788,1.9253058,8.717183,5.5338655
9,11,5.2282557,11.298437,5.523989,0.28890002,0.002071021,8.732449,2.5124583
10,11,5.469276,11.07196,10.53184,0.21116334,0.00011724824,8.243226,5.3323927
11,11,0.0,0.0,0.0,0.0,0.0,8.554815,0.0
12,11,3.17004,10.902029,5.5090995,0.32641134,1.8354491,8.147455,3.1553304
13,11,3.2307498,10.920777,10.286993,0.3643677,1.8676571,8.459335,6.196047
14,11,4.039498,11.22234,15.381168,0.394348,0.045278944,9.024306,6.6556883
0,12,1.816037,10.892524,13.199309,0.25491935,2.528379,7.7861485,3.2811959
1,12,4.030429,10.402781,4.8727555,0.27962428,0.738259,8.350011,6.8187737
2,12,6.9551463,10.413554,15.6836815,0.33774263,0.74173164,8.377617,6.6593485
3,12,2.6000764,11.200288,7.48084,0.39132813,2.5142782,8.546956,5.256392
4,12,0.9622744,11.2252035,10.594457,0.19801655,1.8101298,8.120103,2.8136153
5,12,1.9079325,11.079227,9.451511,0.33057338,2.5305417,8.028959,2.4078212
6,12,3.379143,11.118561,8.97798,0.42104778,1.8213965,8.114144,6.093812
7,12,2.244819,10.805969,10.476913,0.22822781,1.8091195,7.2974706,6.31649
8,12,10.978245,10.855275,11.254232,0.23572297,0.041201577,8.329591,9.331495
9,12,2.0907755,11.336694,5.523989,0.2466005,2.5163176,8.399702,4.574135
10,12,3.226976,11.115457,9.9028225,0.2106034,2.5151744,7.7680054,2.0203211
11,12,6.6760964,10.902029,5.5090995,0.21612182,2.5213466,8.147455,6.7577715
12,12,0.0,0.0,0.0,0.0,0.0,7.6484466,0.0
13,12,3.3488312,10.96758,9.037119,0.319761,1.8192753,8.0546875,4.460848
14,12,9.503271,11.2651,14.1518,0.39629412,1.8246309,8.741293,9.543986
0,13,1.3388479,10.914284,18.135172,0.29031152,3.2784264,8.1546755,1.3366843
1,13,2.9513698,10.477276,16.712114,0.2674509,3.2536647,8.575679,5.153979
2,13,7.593847,10.493257,16.287346,0.31181058,3.278131,8.693668,6.3971877
3,13,2.776431,11.176839,11.180095,0.29540733,1.457468,8.73547,4.242643
4,13,0.70751816,11.221515,14.080253,0.45171672,1.8238846,8.439855,4.5541773
5,13,1.400922,11.078289,11.305877,0.42665124,1.4729706,8.339295,1.0942023
6,13,2.7211359,11.103712,10.463097,0.4039209,1.5988594e-14,8.406719,2.15413
7,13,3.8423848,10.853632,19.579626,0.23335733,0.010066401,7.8138843,4.049762
8,13,10.371076,10.888331,17.768354,0.34086022,1.8227003,8.616957,5.509818
9,13,5.357229,11.2956085,8.706349,0.27055463,3.2608523,8.630999,3.7163723
10,13,2.7766364,11.102127,11.042619,0.3284062,3.2607355,8.150961,1.8684688
11,13,10.021696,10.920777,13.57279,0.32950845,3.2689905,8.459335,5.6350737
12,13,1.3697547,10.96758,10.487022,0.25531724,1.8184979,8.0546875,1.6629804
13,13,0.0,0.0,0.0,0.0,0.0,8.36396,0.0
14,13,5.158705,11.250954,13.22084,0.21535929,1.8227949,8.918276,2.6194096
0,14,3.0591707,11.220174,6.9708242,0.30604666,1.4555501,8.778147,6.357678
1,14,7.071986,10.8666935,10.17673,0.2052553,3.2569504,9.028749,9.801032
2,14,5.0490265,10.88936,13.734655,0.24886587,3.321747,9.2825165,8.458568
3,14,1.3906202,11.413494,10.486504,0.17722712,3.252,9.136357,6.510699
4,14,0.70550454,11.484709,15.023799,0.35673818,1.815685,9.004235,2.4169054
5,14,2.2932646,11.348702,14.394007,0.32684392,3.265077,8.897502,4.0060735
6,14,2.7458096,11.354127,15.050066,0.25274017,1.8233622,8.940378,7.3379827
7,14,4.5290046,11.196753,15.414948,0.29716495,1.8218596,8.601421,5.3621616
8,14,9.984243,11.210471,10.935211,0.29225966,1.8578888,9.153258,12.799118
9,14,1.6293887,11.504752,13.347449,0.231499,1.4541695,9.095907,3.955482
10,14,1.0966748,11.354699,13.487937,0.27196383,1.4504197,8.810106,3.8939974
11,14,6.2760878,11.22234,15.23653,0.28245616,1.453304,9.024306,8.929295
12,14,2.0315778,11.2651,14.916842,0.3877662,1.8211701,8.741293,0.79472244
13,14,3.1705716,11.250954,11.93316,0.25751856,1.8212409,8.918276,2.7332234
14,14,0.0,0.0,0.0,0.0,0.0,9.311605,0.0
