,,Euclidean Distance,DTW - Between,DTW - Within,KLD,Mutual Information Score,Earth Mover's Distance,Granger Causality,Cosine Similarity
0,0,0.0,0.0,0.0,0.0,0.0,3.5095952,0.0,0.0
1,0,21.002,5.4376564,30.596704,0.14172554,25.134815,3.1251173,2.3038125,21.643139
2,0,24.665262,5.211369,30.082577,0.22107024,35.252777,3.5559735,0.13906059,29.897318
3,0,17.401028,5.083463,17.090448,0.38424224,25.130718,3.707974,2.5871353,30.04064
4,0,17.730776,5.1556897,25.847874,0.4546962,25.192213,3.6087084,2.308201,21.327282
5,0,17.836786,5.120354,12.732884,0.59272635,25.20969,3.5548997,0.4073325,25.453789
6,0,7.2595816,4.891515,30.35975,0.3659297,35.548298,3.6666105,2.3768246,25.53275
7,0,24.998266,4.9799247,29.768269,0.46244797,35.476997,3.7011514,2.4268281,29.779663
8,0,21.420923,4.818902,29.99668,0.3381239,35.459305,3.5287519,2.1780257,21.381845
9,0,10.526869,4.940267,30.07208,0.4579633,3.9789e-13,3.4942958,2.2632246,25.614996
10,0,24.402733,4.929422,17.277328,0.26901537,6.4187663e-13,3.43464,2.248571,25.509281
11,0,17.728949,4.621854,30.010326,0.30145225,8.624225e-14,3.4803898,2.313801,21.303888
12,0,21.44738,5.3014574,29.711855,0.31331635,25.2119,3.3713531,2.5248299,16.980082
13,0,21.499128,5.029062,17.141077,0.53359735,35.509754,3.744903,2.3702765,29.961676
14,0,10.874179,4.691362,30.37388,0.37694418,10.282681,3.642513,2.7710907,29.953348
0,1,17.861147,5.4376564,37.628555,0.14262986,24.720276,3.1251173,8.269233,29.864685
1,1,0.0,0.0,0.0,0.0,0.0,2.3430011,0.0,0.0
2,1,24.905275,3.6630914,25.116552,0.14798376,20.085493,3.0209649,8.495507,34.282654
3,1,17.561022,6.1384616,33.60381,0.27488777,24.660389,2.815811,6.5660415,21.743319
4,1,10.79847,5.951936,33.642605,0.4067965,24.721884,3.1774476,8.428782,25.688742
5,1,10.782079,6.044238,37.781567,0.35673255,24.739363,2.9083018,6.5205803,29.896091
6,1,18.308943,6.59692,25.491272,0.2632411,35.07797,2.748487,6.391298,34.3994
7,1,17.993044,6.3920293,38.02712,0.35504112,35.006668,2.997717,6.4460545,29.939669
8,1,14.313814,5.0420656,33.556263,0.20431247,20.284058,2.8806248,8.456525,25.75422
9,1,14.142501,6.485191,38.25346,0.26093727,24.70175,2.8378835,6.316173,25.775002
10,1,21.145218,6.510308,38.336903,0.19016047,24.668144,3.0014982,6.272215,34.09238
11,1,3.7057877,5.576307,33.821083,0.15425777,24.713528,2.833393,8.451182,25.75667
12,1,17.906015,5.547727,33.286808,0.41652238,10.034617,3.2064462,2.3050702,29.895145
13,1,14.450497,6.2736187,38.030334,0.36134443,35.039425,2.9308631,4.2675047,21.49263
14,1,25.5331,5.3964047,25.506823,0.3143782,35.09704,2.9835474,8.880703,34.34669
0,2,21.721384,5.211369,33.845013,0.20553151,25.611778,3.5559735,4.1132407,33.845356
1,2,28.50934,3.6630914,13.304828,0.13381837,0.7944241,3.0209649,6.3675504,34.277027
2,2,0.0,0.0,0.0,0.0,0.0,3.47889,0.0,0.0
3,2,31.94585,5.5669975,25.555672,0.21043426,25.551893,3.4647357,2.4323823,34.14931
4,2,25.143095,5.470459,29.893198,0.5820809,25.613386,3.612314,4.2735214,25.36874
5,2,25.451519,5.5180697,33.981026,0.30127078,25.630865,3.4440627,4.478081,29.496092
6,2,18.62895,5.809487,30.27975,0.19724773,25.6924,3.3680246,6.4533854,34.079403
7,2,21.97566,5.7002373,34.09391,0.32416344,25.64207,3.5584495,6.51456,25.204348
8,2,32.61138,4.7499495,25.46001,0.26543757,0.42117295,3.4495883,6.353131,25.434217
9,2,32.22061,5.7497416,21.379377,0.336293,25.593252,3.4175549,6.372487,21.159168
10,2,21.465208,5.7631373,25.83599,0.21008134,25.559649,3.4533098,6.3285265,12.714642
11,2,32.39212,5.024174,25.571491,0.23852287,25.60503,3.4052217,6.397516,25.43667
12,2,11.2036915,5.265898,25.179424,0.35827264,0.42117295,3.5835383,6.608565,29.575148
13,2,25.71025,5.637738,34.202152,0.48005244,25.665192,3.5337,6.433741,12.863575
14,2,18.603638,4.93048,34.465015,0.41414618,25.705862,3.4977543,4.6624956,8.499874
0,3,14.480923,5.083463,16.962507,0.37355644,25.190609,3.707974,16.504433,29.864693
1,3,17.808344,6.1384616,22.030766,0.2601355,25.134819,2.815811,14.513615,25.907776
2,3,32.135345,5.5669975,17.395758,0.2102239,35.252785,3.4647357,12.57664,25.831999
3,3,0.0,0.0,0.0,0.0,0.0,2.9938233,0.0,0.0
4,3,18.050787,4.528742,21.642548,0.80280215,25.192217,3.7008412,12.437136,25.688747
5,3,28.858883,4.4160547,29.843397,0.41903013,7.628094e-14,3.297596,16.83204,29.896091
6,3,14.83916,3.6251345,21.776964,0.15143625,10.277075,2.9515991,14.576217,21.442837
7,3,21.73565,3.9451525,29.768269,0.15669782,10.256104,3.2768466,12.500987,29.939674
8,3,17.917171,4.4792743,29.99668,0.24898134,35.459312,3.2975605,16.900583,25.75422
9,3,17.918114,3.8042293,25.78233,0.3502487,25.172085,3.2730956,12.493887,21.559175
10,3,21.06521,3.764974,17.277328,0.44331157,25.13848,3.5405111,14.515473,29.960838
11,3,10.957385,3.860039,16.93382,0.2949899,25.18386,3.2669458,14.583534,25.756676
12,3,25.341936,4.97402,25.513018,0.5612561,25.211906,3.9386694,14.766488,21.605112
13,3,18.214811,4.114544,17.141077,0.2715314,10.2657385,3.1430418,16.67453,34.356213
14,3,18.44364,4.0861807,30.37388,0.35931426,35.56738,3.36508,12.763459,25.880026
0,4,17.861162,5.1556897,33.42793,0.43883526,25.190617,3.6087084,8.269236,29.54469
1,4,14.134668,5.951936,34.263756,0.42248818,25.134827,3.1774476,8.411232,29.932404
2,4,24.74528,5.470459,33.734432,0.6663232,35.25279,3.612314,6.3575525,29.657326
3,4,21.05724,4.528742,33.60381,0.8836699,25.130732,3.7008412,4.463209,29.96065
4,4,0.0,0.0,0.0,0.0,0.0,3.6924126,0.0,0.0
5,4,25.131527,4.6226196,29.266312,0.5011727,25.209703,3.5991464,6.5205812,37.980694
6,4,21.938753,4.01743,34.154057,0.7797144,35.54831,3.6405828,6.3513,29.702682
7,4,17.993053,4.258113,38.02712,0.77079064,35.477013,3.7329307,6.446055,33.701397
8,4,21.454124,4.5762153,24.962927,0.29851446,35.45932,3.5829477,6.3020697,25.434221
9,4,17.758114,4.151346,38.25346,0.38619938,25.172092,3.5487764,6.316176,25.455002
10,4,31.637815,4.121818,38.336903,0.27676323,25.138487,3.526476,8.381724,25.429289
11,4,14.343163,4.0860896,33.821083,0.21837452,25.183868,3.533734,6.3383894,21.223896
12,4,21.607395,5.067166,33.413605,0.5684881,25.211914,3.5499542,6.50006,29.655151
13,4,18.0548,4.387934,33.705067,0.8908287,35.509766,3.7484145,8.475805,25.567158
14,4,29.157822,4.2630415,33.929096,0.9636995,35.567383,3.6856008,6.700043,25.43322
0,5,17.861147,5.120354,8.561254,0.59207934,25.190609,3.5548997,12.415912,25.564024
1,5,10.621,6.044238,30.596704,0.3852392,25.134819,2.9083018,12.537409,34.357033
2,5,24.905268,5.5180697,30.082577,0.2876954,35.25278,3.4440627,12.700424,25.671997
3,5,28.129637,4.4160547,29.948284,0.44021726,7.6856625e-14,3.297596,14.859309,34.389313
4,5,24.983086,4.6226196,17.437222,0.4873969,25.192217,3.5991464,12.563737,38.13312
5,5,0.0,0.0,0.0,0.0,0.0,3.3499553,0.0,0.0
6,5,18.308937,3.82984,30.35975,0.59307104,10.277072,3.2507417,12.635078,38.489334
7,5,18.073061,4.1074324,29.768269,0.365992,10.256102,3.4260175,10.537468,21.202627
8,5,18.01077,4.5288773,25.700012,0.19183248,35.45931,3.3479292,12.710201,17.169483
9,5,21.29373,3.9846942,30.07208,0.15201114,25.172083,3.2961783,12.617669,34.046677
10,5,17.64766,3.9506397,30.275324,0.1687942,25.138477,3.421344,14.639258,25.58929
11,5,10.797371,3.9767063,30.010326,0.15390947,25.18386,3.3039014,12.597338,21.223898
12,5,17.779236,5.021648,29.711855,0.4500087,25.211905,3.6166587,10.627477,34.040176
13,5,25.390251,4.2558966,30.036884,0.6647978,10.265735,3.376304,12.59579,29.881685
14,5,18.283632,4.17714,30.37388,0.85020566,35.56737,3.4408903,15.091304,34.1867
0,6,7.080459,4.891515,29.724386,0.35395932,35.43409,3.6666105,10.403301,17.26307
1,6,21.002003,6.59692,13.464828,0.25217614,35.355053,2.748487,8.434988,30.392794
2,6,24.585272,5.809487,25.853638,0.18535763,35.25278,3.3680246,10.660037,30.117716
3,6,17.401022,3.6251345,25.635672,0.13354833,10.218526,2.9515991,6.5769253,17.375044
4,6,21.276936,4.01743,25.847874,0.7830458,35.436367,3.6405828,6.3453474,17.34622
5,6,17.836792,3.82984,29.843397,0.60683805,10.251431,3.2507417,8.645962,34.158787
6,6,0.0,0.0,0.0,0.0,0.0,2.9099305,0.0,0.0
7,6,24.99827,2.9862163,29.768269,0.42943987,2.4284754e-13,3.223206,8.559927,34.208588
8,6,21.42092,4.2179546,29.99668,0.43551713,25.208414,3.2455978,10.642808,34.239353
9,6,14.062492,2.706029,30.07208,0.65227884,35.407845,3.2188811,10.591072,30.051228
10,6,17.407675,2.6246243,30.275324,0.5684942,35.360237,3.4477944,10.517805,21.59813
11,6,14.183156,3.2014775,25.651491,0.4417032,35.42453,3.2098253,10.587738,21.604282
12,6,25.021948,4.72434,29.711855,0.7729183,35.46426,3.8775353,8.671933,21.665497
13,6,28.707777,3.303231,25.791615,0.54908824,5.040463e-13,3.0971317,8.496602,30.182076
14,6,14.498906,3.5880108,26.122742,0.53794557,25.284693,3.2917879,6.7666183,25.94041
0,7,21.401388,4.9799247,1.2251861,0.4590336,35.434097,3.7011514,12.375917,34.22575
1,7,17.648342,6.3920293,1.9576081,0.3691366,35.35506,2.997717,10.434602,34.577423
2,7,24.825272,5.7002373,1.7051861,0.31152782,35.25279,3.5584495,12.70043,13.216387
3,7,17.641018,3.9451525,1.2251861,0.13223337,10.21853,3.2768466,8.55081,34.609707
4,7,17.810787,4.258113,1.9576081,0.7956667,35.436375,3.7329307,10.456544,25.749136
5,7,21.484161,4.1074324,1.2251861,0.31890064,10.251435,3.4260175,8.524011,21.391886
6,7,21.938744,2.9862163,1.2251861,0.41678756,2.4246265e-13,3.223206,10.52438,38.70972
7,7,0.0,0.0,0.0,0.0,0.0,3.475408,0.0,0.0
8,7,18.010773,4.3390193,1.7051861,0.13186242,25.208418,3.4279065,10.555746,17.389874
9,7,21.293745,3.2529125,0.6053242,0.18808863,35.407852,3.3933864,10.493509,17.403727
10,7,24.562735,3.195287,1.2251861,0.2917225,35.360245,3.5764418,12.529752,13.175034
11,7,14.34317,3.5169842,0.5566496,0.21181469,35.424538,3.3902266,10.484545,30.029842
12,7,10.756894,4.8397446,1.2251861,0.33141148,35.464268,3.8403137,8.509982,30.035543
13,7,14.323695,3.6951945,1.2251861,0.2450917,5.29326e-14,3.3832834,10.491639,21.713022
14,7,21.908365,3.823141,1.9576081,0.38815868,25.284698,3.5044374,10.856782,21.326683
0,8,21.62179,4.818902,34.165012,0.29932567,35.43409,3.5287519,2.1238086,25.244026
1,8,10.841389,5.0420656,26.473736,0.2024517,10.5934925,2.8806248,2.28831,29.772404
2,8,32.19574,4.7499495,25.853638,0.26131198,10.058028,3.4495883,2.2586994,25.351997
3,8,14.125218,4.4792743,34.420895,0.25315863,35.34925,3.2975605,2.5845098,29.800648
4,8,14.565018,4.5762153,9.186571,0.34008136,35.436367,3.5829477,0.18550321,29.330208
5,8,21.704544,4.5288773,25.865768,0.20612022,35.46113,3.3479292,0.40121117,20.931498
6,8,22.159142,4.2179546,34.891144,0.38596216,25.271225,3.2455978,2.3642821,38.169334
7,8,21.796055,4.3390193,34.41391,0.14278452,25.220896,3.4279065,0.36121124,25.124352
8,8,0.0,0.0,0.0,0.0,0.0,3.3291,0.0,0.0
9,8,17.97852,4.2848697,34.64863,0.07006977,35.407845,3.2948937,0.12074498,21.07917
10,8,24.86313,4.2700176,34.794655,0.092387885,35.360237,3.412389,2.230253,25.189291
11,8,7.471966,3.9599338,34.60916,0.027463697,35.42453,3.2923832,0.18550315,25.196676
12,8,25.275545,4.769815,25.499424,0.24373376,10.25236,3.5809495,0.3612111,29.415155
13,8,14.670883,4.4057784,34.522152,0.32258838,25.244017,3.3768244,2.357734,25.407162
14,8,22.128763,4.055796,34.785015,0.40218717,25.284687,3.439486,2.7761712,25.273228
0,9,7.240455,4.940267,17.38981,0.3687492,3.9765798e-13,3.4942958,6.218052,29.624681
1,9,14.054683,6.485191,18.17277,0.23344783,25.134823,2.8378835,4.2647424,29.9324
2,9,28.440308,5.7497416,0.8273047,0.297087,35.25279,3.4175549,6.4138656,17.061327
3,9,17.561018,3.8042293,13.285141,0.3305308,25.130728,3.2730956,2.4323804,29.880646
4,9,14.344632,4.151346,17.862194,0.38137403,25.19222,3.5487764,4.273519,29.490196
5,9,17.996807,3.9846942,17.457817,0.16453747,25.2097,3.2961783,4.478083,33.778385
6,9,11.049367,2.706029,17.752876,0.514355,35.54831,3.2188811,6.453385,34.0794
7,9,21.575668,3.2529125,16.929342,0.21332783,35.47701,3.3933864,4.415066,25.284348
8,9,14.440609,4.2848697,17.69398,0.06256246,35.459316,3.2948937,4.198672,21.22185
9,9,0.0,0.0,0.0,0.0,0.0,3.246198,0.0,0.0
10,9,17.567677,2.9517336,4.786637,0.10694503,3.2831624e-14,3.3643878,6.328526,29.560831
11,9,10.797382,3.37841,12.94428,0.046718128,3.0555804e-13,3.2475867,4.284719,17.01111
12,9,25.18195,4.788067,17.38265,0.26536304,25.21191,3.5326252,2.3335736,33.880165
13,9,18.054815,3.523907,17.56838,0.33054775,35.509766,3.3485973,6.4337406,21.332628
14,9,14.658898,3.71899,18.04544,0.42662647,10.282684,3.3970258,6.8431535,16.966547
0,10,21.561382,4.929422,16.962507,0.24460778,6.4217934e-13,3.43464,6.218048,25.564018
1,10,24.835672,6.510308,30.596704,0.19388509,25.134829,3.0014982,4.264741,30.1724
2,10,24.985268,5.7631373,17.395758,0.20526907,35.252792,3.4533098,6.4138618,12.915995
3,10,17.641026,3.764974,17.090448,0.4191467,25.130732,3.5405111,4.5352125,34.389313
4,10,32.235405,4.121818,30.053198,0.304042,25.192226,3.526476,6.3807116,25.528746
5,10,18.156797,3.9506397,29.843397,0.18188661,25.209703,3.421344,6.5890822,29.656094
6,10,14.839159,2.6246243,30.35975,0.49394998,35.548313,3.4477944,6.453381,34.112606
7,10,21.815659,3.195287,29.768269,0.28416848,35.477016,3.5764418,6.514556,25.36435
8,10,25.311073,4.2700176,29.99668,0.08615197,35.459324,3.412389,6.3531265,21.38185
9,10,17.918116,2.9517336,17.122828,0.10313738,3.3346786e-14,3.3643878,6.372483,25.615
10,10,0.0,0.0,0.0,0.0,0.0,3.3647196,0.0,0.0
11,10,18.048954,3.3397117,30.010326,0.05336528,4.662248e-13,3.3630762,4.2847176,21.383894
12,10,21.767382,4.7739096,29.711855,0.19421394,25.211914,3.3735049,2.3735712,21.205109
13,10,29.154572,3.4758425,17.141077,0.5095703,35.50977,3.5816467,4.329588,17.258102
14,10,14.81891,3.690144,30.37388,0.5240551,10.282684,3.4934497,4.725888,17.126547
0,11,17.701153,4.621854,17.573032,0.2647679,8.665341e-14,3.4803898,8.349234,21.183352
1,11,6.947332,5.576307,9.831218,0.15203123,25.134823,2.833393,8.49123,29.932407
2,11,31.815346,5.024174,1.0905253,0.24820586,35.252785,3.4052217,8.575509,25.511997
3,11,17.321028,3.860039,0.61052525,0.31860942,25.130728,3.2669458,6.646043,29.96065
4,11,14.184627,4.0860896,9.67593,0.23857714,25.19222,3.533734,6.4015875,25.288748
5,11,14.18944,3.9767063,17.641037,0.16207491,25.2097,3.3039014,6.6005797,25.133799
6,11,14.51916,3.2014775,9.353311,0.40218472,35.548306,3.2098253,8.581997,33.95261
7,11,17.833044,3.5169842,17.057213,0.23246026,35.477005,3.3902266,6.5260534,33.7482
8,11,14.153811,3.9599338,17.9572,0.026222032,35.459312,3.2923832,6.382068,21.221855
9,11,14.062495,3.37841,8.928092,0.052463103,3.0625258e-13,3.2475867,6.3961744,21.15917
10,11,20.905212,3.3397117,17.887854,0.055519566,4.664296e-13,3.3630762,6.352214,25.34929
11,11,0.0,0.0,0.0,0.0,0.0,3.2487607,0.0,0.0
12,11,24.895138,4.5164633,17.56587,0.2721609,25.21191,3.5312347,2.345068,29.655153
13,11,21.49913,3.6828954,17.751602,0.384617,35.50976,3.3471756,8.555804,29.801687
14,11,25.373096,3.5686188,18.269827,0.46398756,10.282679,3.3980672,4.7261825,29.79336
0,12,21.621773,5.3014574,29.944778,0.27338403,25.190607,3.3713531,14.5207205,17.122679
1,12,14.355057,5.547727,17.968187,0.37784052,0.3732512,3.2064462,8.331791,21.803144
2,12,17.895586,5.265898,17.376148,0.31784263,10.058025,3.5835383,14.83838,21.606659
3,12,24.853832,4.97402,25.936062,0.54637307,25.130722,3.9386694,12.756472,30.20065
4,12,25.12348,5.067166,26.068264,0.4995146,25.192215,3.5499542,10.45654,25.688745
5,12,14.409831,5.021648,30.063787,0.41103947,25.209694,3.6166587,8.52401,29.896093
6,12,25.788916,4.72434,30.580141,0.68120843,35.548306,3.8775353,12.635076,34.272606
7,12,7.4656076,4.8397446,29.988659,0.3480063,35.477005,3.8403137,8.437975,25.731148
8,12,18.23115,4.769815,17.327065,0.23847665,10.250902,3.5809495,10.555742,21.54185
9,12,28.585377,4.788067,30.292473,0.25940967,25.172083,3.5326252,8.369344,29.990835
10,12,24.783146,4.7739096,30.495714,0.16303071,25.138477,3.3735049,10.420238,17.16619
11,12,18.109335,4.5164633,30.230719,0.23909312,25.183859,3.5312347,8.331745,25.75667
12,12,0.0,0.0,0.0,0.0,0.0,3.058571,0.0,0.0
13,12,21.879528,4.9035826,25.932005,0.5113344,35.50976,3.9298894,10.491635,21.65263
14,12,22.128761,4.606206,26.263134,0.4187458,35.567375,3.7216377,10.856777,21.64668
0,13,14.541304,5.029062,16.962507,0.53721136,35.4341,3.744903,10.323304,33.84536
1,13,10.841394,6.2736187,30.596704,0.35277683,35.355064,2.9308631,6.252183,21.323145
2,13,25.125666,5.637738,30.082577,0.47279984,35.252792,3.5337,10.58004,16.981329
3,13,14.285208,4.114544,17.090448,0.20909372,10.21853,3.1430418,10.702594,38.49798
4,13,11.018861,4.387934,21.642548,0.9383285,35.43638,3.7484145,10.47974,25.368748
5,13,25.351915,4.2558966,29.843397,0.6077701,10.251435,3.376304,8.565965,25.373795
6,13,22.15912,3.303231,26.068357,0.4906337,5.0300026e-13,3.0971317,8.442797,34.079407
7,13,10.888216,3.6951945,29.768269,0.20939045,5.2226595e-14,3.3832834,8.479929,29.492876
8,13,14.5342045,4.4057784,29.99668,0.32575467,25.208422,3.3768244,10.562811,25.434221
9,13,14.442881,3.523907,30.07208,0.3109404,35.407856,3.3485973,10.511075,25.375004
10,13,28.360674,3.4758425,17.277328,0.5674928,35.36025,3.5816467,8.328299,21.13774
11,13,14.563556,3.6828954,30.010326,0.38423112,35.42454,3.3471756,10.507741,29.649452
12,13,14.678636,4.9035826,21.314182,0.52578187,35.46427,3.9298894,6.47444,29.575151
13,13,0.0,0.0,0.0,0.0,0.0,3.2674332,0.0,0.0
14,13,18.504036,3.9494836,17.460468,0.12861264,25.284702,3.4454951,8.803882,16.966549
0,14,10.620695,4.691362,37.948555,0.3608579,10.24348,3.642513,20.833118,34.065754
1,14,28.029339,5.3964047,26.017817,0.24881753,35.355053,2.9835474,20.930103,34.497425
2,14,21.130232,4.93048,38.28337,0.34375137,35.25278,3.4977543,14.828289,4.525727
3,14,20.89723,4.0861807,38.236423,0.25941423,35.34925,3.36508,12.699307,34.36971
4,14,28.36925,4.2630415,29.757278,0.903372,35.436367,3.6856008,14.652393,17.18622
5,14,17.836805,4.17714,38.101566,0.7112592,35.46113,3.4408903,21.143354,33.998787
6,14,14.519167,3.5880108,34.474056,0.4033755,25.27123,3.2917879,16.82907,30.049871
7,14,21.495665,3.823141,38.34712,0.33343348,25.220901,3.5044374,18.888777,21.042625
8,14,21.420925,4.055796,38.17293,0.37886658,25.208412,3.439486,21.333698,17.229876
9,14,17.598118,3.71899,38.57346,0.40061405,10.235761,3.3970258,21.10423,12.947897
10,14,17.407673,3.690144,38.656902,0.5224825,10.221759,3.4934497,18.848188,12.935038
11,14,24.820538,3.5686188,38.499916,0.41984308,10.240668,3.3980672,18.877193,29.869846
12,14,21.447384,4.606206,29.53477,0.45569393,35.46426,3.7216377,16.973293,29.795546
13,14,18.021603,3.9494836,25.454529,0.14060713,25.244022,3.4454951,18.880825,8.849445
14,14,0.0,0.0,0.0,0.0,0.0,3.4824755,0.0,0.0
